|    |   init_value |   peak_value |   warmup_steps |   decay_steps |   end_value |
|---:|-------------:|-------------:|---------------:|--------------:|------------:|
|  0 |  0.0001      |  0.001       |           2250 |          4500 | 5e-05       |
|  1 |  5e-05       |  0.0005      |           2250 |          4500 | 2.5e-05     |
|  2 |  2.5e-05     |  0.00025     |           2250 |          4500 | 1.25e-05    |
|  3 |  1.25e-05    |  0.000125    |           2250 |          4500 | 6.25e-06    |
|  4 |  6.25e-06    |  6.25e-05    |           2250 |          4500 | 3.125e-06   |
|  5 |  3.125e-06   |  3.125e-05   |           2250 |          4500 | 1.5625e-06  |
|  6 |  1.5625e-06  |  1.5625e-05  |           2250 |          4500 | 7.8125e-07  |
|  7 |  7.8125e-07  |  7.8125e-06  |           2250 |          4500 | 3.90625e-07 |
|  8 |  3.90625e-07 |  3.90625e-06 |           2250 |          4500 | 1.95313e-07 |
|  9 |  1.95313e-07 |  1.95313e-06 |           2250 |          4500 | 9.76563e-08 |
| 10 |  9.76563e-08 |  9.76563e-07 |           2250 |          4500 | 4.88281e-08 |
| 11 |  4.88281e-08 |  4.88281e-07 |           2250 |          4500 | 2.44141e-08 |
| 12 |  2.44141e-08 |  2.44141e-07 |           2250 |          4500 | 1.2207e-08  |
| 13 |  1.2207e-08  |  1.2207e-07  |           2250 |          4500 | 6.10352e-09 |
| 14 |  6.10352e-09 |  6.10352e-08 |           2250 |          4500 | 3.05176e-09 |
| 15 |  3.05176e-09 |  3.05176e-08 |           2250 |          4500 | 1.52588e-09 |
| 16 |  1.52588e-09 |  1.52588e-08 |           2250 |          4500 | 7.62939e-10 |
| 17 |  7.62939e-10 |  7.62939e-09 |           2250 |          4500 | 3.8147e-10  |
| 18 |  3.8147e-10  |  3.8147e-09  |           2250 |          4500 | 1.90735e-10 |
| 19 |  1.90735e-10 |  1.90735e-09 |           2250 |          4500 | 9.53674e-11 |
| 20 |  9.53674e-11 |  9.53674e-10 |           2250 |          4500 | 4.76837e-11 |
| 21 |  4.76837e-11 |  4.76837e-10 |           2250 |          4500 | 2.38419e-11 |
| 22 |  2.38419e-11 |  2.38419e-10 |           2250 |          4500 | 1.19209e-11 |
| 23 |  1.19209e-11 |  1.19209e-10 |           2250 |          4500 | 5.96046e-12 |
| 24 |  5.96046e-12 |  5.96046e-11 |           2250 |          4500 | 2.98023e-12 |
| 25 |  2.98023e-12 |  2.98023e-11 |           2250 |          4500 | 1.49012e-12 |
| 26 |  1.49012e-12 |  1.49012e-11 |           2250 |          4500 | 7.45058e-13 |
| 27 |  7.45058e-13 |  7.45058e-12 |           2250 |          4500 | 3.72529e-13 |
| 28 |  3.72529e-13 |  3.72529e-12 |           2250 |          4500 | 1.86265e-13 |
| 29 |  1.86265e-13 |  1.86265e-12 |           2250 |          4500 | 9.31323e-14 |
| 30 |  9.31323e-14 |  9.31323e-13 |           2250 |          4500 | 4.65661e-14 |
| 31 |  4.65661e-14 |  4.65661e-13 |           2250 |          4500 | 2.32831e-14 |
| 32 |  2.32831e-14 |  2.32831e-13 |           2250 |          4500 | 1.16415e-14 |
| 33 |  1.16415e-14 |  1.16415e-13 |           2250 |          4500 | 5.82077e-15 |
| 34 |  5.82077e-15 |  5.82077e-14 |           2250 |          4500 | 2.91038e-15 |
| 35 |  2.91038e-15 |  2.91038e-14 |           2250 |          4500 | 1.45519e-15 |
| 36 |  1.45519e-15 |  1.45519e-14 |           2250 |          4500 | 7.27596e-16 |
| 37 |  7.27596e-16 |  7.27596e-15 |           2250 |          4500 | 3.63798e-16 |
| 38 |  3.63798e-16 |  3.63798e-15 |           2250 |          4500 | 1.81899e-16 |
| 39 |  1.81899e-16 |  1.81899e-15 |           2250 |          4500 | 9.09495e-17 |
| 40 |  9.09495e-17 |  9.09495e-16 |           2250 |          4500 | 4.54747e-17 |
| 41 |  4.54747e-17 |  4.54747e-16 |           2250 |          4500 | 2.27374e-17 |
| 42 |  2.27374e-17 |  2.27374e-16 |           2250 |          4500 | 1.13687e-17 |
| 43 |  1.13687e-17 |  1.13687e-16 |           2250 |          4500 | 5.68434e-18 |
| 44 |  5.68434e-18 |  5.68434e-17 |           2250 |          4500 | 2.84217e-18 |
| 45 |  2.84217e-18 |  2.84217e-17 |           2250 |          4500 | 1.42109e-18 |
| 46 |  1.42109e-18 |  1.42109e-17 |           2250 |          4500 | 7.10543e-19 |
| 47 |  7.10543e-19 |  7.10543e-18 |           2250 |          4500 | 3.55271e-19 |
| 48 |  3.55271e-19 |  3.55271e-18 |           2250 |          4500 | 1.77636e-19 |
| 49 |  1.77636e-19 |  1.77636e-18 |           2250 |          4500 | 8.88178e-20 |
| 50 |  8.88178e-20 |  8.88178e-19 |           2250 |          4500 | 4.44089e-20 |
| 51 |  4.44089e-20 |  4.44089e-19 |           2250 |          4500 | 2.22045e-20 |
| 52 |  2.22045e-20 |  2.22045e-19 |           2250 |          4500 | 1.11022e-20 |
| 53 |  1.11022e-20 |  1.11022e-19 |           2250 |          4500 | 5.55112e-21 |
| 54 |  5.55112e-21 |  5.55112e-20 |           2250 |          4500 | 2.77556e-21 |
| 55 |  2.77556e-21 |  2.77556e-20 |           2250 |          4500 | 1.38778e-21 |
| 56 |  1.38778e-21 |  1.38778e-20 |           2250 |          4500 | 6.93889e-22 |
| 57 |  6.93889e-22 |  6.93889e-21 |           2250 |          4500 | 3.46945e-22 |
| 58 |  3.46945e-22 |  3.46945e-21 |           2250 |          4500 | 1.73472e-22 |
| 59 |  1.73472e-22 |  1.73472e-21 |           2250 |          4500 | 8.67362e-23 |
| 60 |  8.67362e-23 |  8.67362e-22 |           2250 |          4500 | 4.33681e-23 |
| 61 |  4.33681e-23 |  4.33681e-22 |           2250 |          4500 | 2.1684e-23  |
| 62 |  2.1684e-23  |  2.1684e-22  |           2250 |          4500 | 1.0842e-23  |
| 63 |  1.0842e-23  |  1.0842e-22  |           2250 |          4500 | 5.42101e-24 |
| 64 |  5.42101e-24 |  5.42101e-23 |           2250 |          4500 | 2.71051e-24 |
| 65 |  2.71051e-24 |  2.71051e-23 |           2250 |          4500 | 1.35525e-24 |
| 66 |  1.35525e-24 |  1.35525e-23 |           2250 |          4500 | 6.77626e-25 |
| 67 |  6.77626e-25 |  6.77626e-24 |           2250 |          4500 | 3.38813e-25 |
| 68 |  3.38813e-25 |  3.38813e-24 |           2250 |          4500 | 1.69407e-25 |
| 69 |  1.69407e-25 |  1.69407e-24 |           2250 |          4500 | 8.47033e-26 |
| 70 |  8.47033e-26 |  8.47033e-25 |           2250 |          4500 | 4.23516e-26 |
| 71 |  4.23516e-26 |  4.23516e-25 |           2250 |          4500 | 2.11758e-26 |
| 72 |  2.11758e-26 |  2.11758e-25 |           2250 |          4500 | 1.05879e-26 |
| 73 |  1.05879e-26 |  1.05879e-25 |           2250 |          4500 | 5.29396e-27 |
| 74 |  5.29396e-27 |  5.29396e-26 |           2250 |          4500 | 2.64698e-27 |
| 75 |  2.64698e-27 |  2.64698e-26 |           2250 |          4500 | 1.32349e-27 |
| 76 |  1.32349e-27 |  1.32349e-26 |           2250 |          4500 | 6.61744e-28 |
| 77 |  6.61744e-28 |  6.61744e-27 |           2250 |          4500 | 3.30872e-28 |
| 78 |  3.30872e-28 |  3.30872e-27 |           2250 |          4500 | 1.65436e-28 |
| 79 |  1.65436e-28 |  1.65436e-27 |           2250 |          4500 | 8.27181e-29 |
| 80 |  8.27181e-29 |  8.27181e-28 |           2250 |          4500 | 4.1359e-29  |
| 81 |  4.1359e-29  |  4.1359e-28  |           2250 |          4500 | 2.06795e-29 |
| 82 |  2.06795e-29 |  2.06795e-28 |           2250 |          4500 | 1.03398e-29 |
| 83 |  1.03398e-29 |  1.03398e-28 |           2250 |          4500 | 5.16988e-30 |
| 84 |  5.16988e-30 |  5.16988e-29 |           2250 |          4500 | 2.58494e-30 |
| 85 |  2.58494e-30 |  2.58494e-29 |           2250 |          4500 | 1.29247e-30 |
| 86 |  1.29247e-30 |  1.29247e-29 |           2250 |          4500 | 6.46235e-31 |
| 87 |  6.46235e-31 |  6.46235e-30 |           2250 |          4500 | 3.23117e-31 |
| 88 |  3.23117e-31 |  3.23117e-30 |           2250 |          4500 | 1.61559e-31 |
| 89 |  1.61559e-31 |  1.61559e-30 |           2250 |          4500 | 8.07794e-32 |
| 90 |  8.07794e-32 |  8.07794e-31 |           2250 |          4500 | 4.03897e-32 |
| 91 |  4.03897e-32 |  4.03897e-31 |           2250 |          4500 | 2.01948e-32 |
| 92 |  2.01948e-32 |  2.01948e-31 |           2250 |          4500 | 1.00974e-32 |
| 93 |  1.00974e-32 |  1.00974e-31 |           2250 |          4500 | 5.04871e-33 |
| 94 |  5.04871e-33 |  5.04871e-32 |           2250 |          4500 | 2.52435e-33 |
| 95 |  2.52435e-33 |  2.52435e-32 |           2250 |          4500 | 1.26218e-33 |
| 96 |  1.26218e-33 |  1.26218e-32 |           2250 |          4500 | 6.31089e-34 |
| 97 |  6.31089e-34 |  6.31089e-33 |           2250 |          4500 | 3.15544e-34 |
| 98 |  3.15544e-34 |  3.15544e-33 |           2250 |          4500 | 1.57772e-34 |
| 99 |  1.57772e-34 |  1.57772e-33 |           2250 |          4500 | 7.88861e-35 |